Operations: 640 and MegaFlops/s:298.261618
10 8
972155989417771.500000 884776399737914.250000 700057421010150.750000 1554301675358219.000000 1690233437208434.000000 1028198483188937.000000 524913663712042.687500 1271505278910624.500000
541341725838352.312500 353636707410919.750000 339332063192817.687500 930941036050683.375000 988527400539296.625000 733062951904221.750000 275313708396295.312500 660472843149082.000000
683135583897215.750000 648459386228257.375000 445658645423002.375000 1039591362430557.750000 1243491192089818.250000 932476279881294.375000 301878776721637.687500 924632897548409.625000
1038343822956695.000000 822601864149267.250000 664178267507850.125000 1618365265579317.500000 1847216185470730.000000 1224379984711595.250000 471479977112878.562500 1212751003670246.500000
491303137899009.375000 534592340155574.375000 291833872724010.812500 720608025169863.250000 960329183040532.875000 932948204332079.625000 173624096177410.500000 781369768481341.875000
453826433193203.312500 303086166425873.750000 279421429266414.937500 808169928606372.625000 857930388414742.000000 731858983015394.125000 235009526770893.875000 619094353465047.625000
497279662989176.375000 863821116716951.125000 514867896989015.875000 761141986632596.125000 813342782982618.500000 415262683485365.312500 382452028414992.250000 1044871298679136.250000
739119980284834.500000 576499904104263.375000 513284164063626.312500 1248757036720968.000000 1305838362541412.000000 850657239320297.750000 411022956488286.437500 944764990021441.000000
669027689116424.125000 553426821542110.250000 444745214288219.125000 1039436104928981.750000 1173730671645406.000000 730694460640294.625000 317682104425777.937500 789081574786346.250000
832588590810192.000000 1021099156483028.000000 597945006582600.875000 1246193353923991.500000 1539071909880774.000000 1273459582633815.000000 397953311533397.875000 1397835198940907.500000