Operations: 8192 and MegaFlops/s:195.225786
16 16
7570664724251960.000000 5457640940149941.000000 7768775038751557.000000 6307073668068668.000000 7327362181774691.000000 7342108034457068.000000 8230474086277590.000000 6677740732508231.000000 7859168459280426.000000 7780774117976245.000000 6923966578292821.000000 7441902769537594.000000 7879585660161610.000000 8970221627047808.000000 8428900704361422.000000 7703592295815030.000000 
5046848884699139.000000 3720401005395360.000000 4954600530002172.000000 4972841441567542.000000 4916200096320016.000000 4682097118900016.000000 6044740730724639.000000 5201337597748522.000000 5265233253846386.000000 5190561356780443.000000 4736556112361699.000000 5665075429557142.000000 4879753300610803.000000 5673179833460162.000000 5902120947611446.000000 4689739647918456.000000 
7836731029725584.000000 4576766498257472.000000 6659302958299952.000000 4908902883441104.000000 6323472933415531.000000 6720032375411727.000000 7496125626072370.000000 6886363926631914.000000 7567926836560577.000000 7295892277765672.000000 6634752861713232.000000 7078650791311742.000000 7700830663944718.000000 7957007656704962.000000 7470149101289814.000000 7217358013555907.000000 
6258093361502446.000000 4009112535960019.000000 5837426795178882.000000 4315287449259002.000000 4431117699567406.000000 5360748966837015.000000 5603932423724490.000000 5700778086808687.000000 6209308364158536.000000 6471210197468560.000000 6046330057214562.000000 6400191465962704.000000 5425430322487872.000000 5692045399118584.000000 6568883049555402.000000 5404262423691159.000000 
7540407736305372.000000 4776719159630140.000000 6865463719896766.000000 5642645658852536.000000 6825960623401418.000000 7932622430132043.000000 7303066350966513.000000 6239462438411631.000000 7477319992510131.000000 7734265598634088.000000 7367465304675562.000000 8071896400560275.000000 7074424372039194.000000 8379906230550090.000000 6512788493649898.000000 7491827911502180.000000 
7594627601303228.000000 4996437157799372.000000 7195304865024888.000000 6138602094255921.000000 6890837871684778.000000 8340282466269803.000000 8279399298246715.000000 6824374136271771.000000 7669727069953404.000000 7835043867750108.000000 7316409863962280.000000 8270819575298126.000000 8274962693478190.000000 8749644484973430.000000 8245771490540962.000000 6618982397960666.000000 
7763408779834972.000000 5058816814507592.000000 7618621575426748.000000 6686566149459810.000000 6856313645554788.000000 7659168778064650.000000 8483946667857664.000000 5650146874939567.000000 7608371012823555.000000 7079320761088993.000000 6570648618788066.000000 7705794734330636.000000 7577596446176189.000000 8655554373655123.000000 7868003738970738.000000 7849580038229126.000000 
5865671450276622.000000 3923458665991614.000000 6616099808776140.000000 5611286272929931.000000 5733867309564585.000000 6117153770171666.000000 6127820892779134.000000 6958583999578610.000000 6735455438523755.000000 7170951185567140.000000 6262047522264897.000000 6074995522674258.000000 5568550911163426.000000 7131474088250284.000000 7105814609513278.000000 5708444008454874.000000 
5617105812800251.000000 2241345676135744.500000 4778158219494142.000000 3704342235156811.000000 4483318306752175.500000 4818059918733041.000000 5059648643488735.000000 4500475464733201.000000 4390719670838289.000000 5313696426697843.000000 5208607959771878.000000 5035434056578142.000000 5555437756579355.000000 5136680482023462.000000 5836914320324938.000000 4605689321225122.000000 
5334535605786170.000000 4533317371673652.000000 6468353891884387.000000 4617472793482229.000000 5287792199674390.000000 5734284069591942.000000 6623562153208511.000000 5528442693816084.000000 7284192490635574.000000 5895857284412737.000000 6053726764416162.000000 7236133577464582.000000 6861742848837270.000000 7062907320045326.000000 7151574197931611.000000 6490619429868716.000000 
6035808873087691.000000 3333688730560269.500000 5912986437804936.000000 3890163382042944.000000 4981647961353977.000000 6908596434418326.000000 4574851484096989.000000 3893039056894323.000000 5731542800848218.000000 6715940645406930.000000 5419056323209176.000000 5412025642473480.000000 5672347468783880.000000 5787001611654248.000000 5348161811458249.000000 5194473839510429.000000 
7906118190040406.000000 5098309088367202.000000 7477765700221964.000000 5535525238307760.000000 7416377268672155.000000 7452374463978544.000000 7741622824725612.000000 7083981684267180.000000 8808563532797478.000000 8408278520185868.000000 7217449327998936.000000 8522292722966405.000000 8390658567379824.000000 9033035492216582.000000 8407233483129560.000000 7567725301971903.000000 
9354756064068396.000000 5403801295118780.000000 8626748064441740.000000 6596046404782621.000000 8663474462786175.000000 9627643235381280.000000 8929405026126652.000000 8343571982471680.000000 9252317203238124.000000 9499271516812312.000000 9261725322705060.000000 10127940905211406.000000 9364962324951648.000000 10097682941623170.000000 9454078609306320.000000 9252106904226088.000000 
5856496631260219.000000 3431744648823515.000000 4726648129117220.000000 3376548642975783.500000 4588217359574989.000000 5103486484851410.000000 5454847047439556.000000 5266033069317824.000000 5192473305268807.000000 5409266847751352.000000 5110573998575445.000000 5710728504434867.000000 6009385754582081.000000 5725244668235011.000000 6489323391386720.000000 5427240129210554.000000 
6662923598472214.000000 3996036142042277.000000 6486076475858634.000000 5002661859004586.000000 5132406811988616.000000 6331472282999018.000000 6571220407221383.000000 5197596942694039.000000 6846236335400262.000000 6106857380865262.000000 5979101951773266.000000 7125649034383629.000000 6471436271335151.000000 6935055462444051.000000 6369665791655968.000000 6864179130029514.000000 
6642181738211722.000000 4249603576219898.000000 5929894230178654.000000 4595604942797251.000000 5763817513833792.000000 6261235488675350.000000 6372557784314724.000000 5178252832395001.000000 5763069122092851.000000 6126923385280413.000000 6055463053093922.000000 6299560397108768.000000 5780593720783765.000000 7140158322383006.000000 6035912070184320.000000 6728709979376706.000000 
