Operations: 3456 and MegaFlops/s:483.183821
12 12
9130845330580776.000000 10317252563976816.000000 10526518667890310.000000 8958807226622586.000000 9428212856524698.000000 7953118671017688.000000 8899859235041633.000000 10190695288089912.000000 14061507689750228.000000 8857983154766457.000000 11061444850287314.000000 7261632265923664.000000 
7561507637953905.000000 10093693218041150.000000 9263807299444366.000000 9867493654429192.000000 8090279598605550.000000 8154006822223639.000000 8862448073921227.000000 8682720876144752.000000 13027097352644168.000000 8357485976602218.000000 10274908464103726.000000 6485667024841344.000000 
7650566209408338.000000 9651209933840706.000000 10465027752325420.000000 6747584171592253.000000 9356243771272248.000000 7957630243211620.000000 7535667416155982.000000 9908320153952544.000000 12015784191375304.000000 7564739831258184.000000 9631967854071816.000000 7031625589806728.000000 
9470661006421804.000000 12517300902800634.000000 11709403438628240.000000 11423963340200004.000000 11296535552869188.000000 10125620304340218.000000 10106104488042790.000000 10851105596497568.000000 14833252146063556.000000 8833726401115855.000000 10545834955743788.000000 7493785090876254.000000 
5339033927383267.000000 9060481189901976.000000 9145916844422070.000000 7424826249075319.000000 7915194821118342.000000 6643012759959062.000000 7393023588212076.000000 5424642111342136.000000 9538086377545316.000000 5077121495335616.000000 6405823067580566.000000 4074412751715822.500000 
10255839158438630.000000 10863602356876256.000000 11079680882515908.000000 12259680716469192.000000 11158766471586864.000000 8220680036892095.000000 9470314172997700.000000 9257372002130500.000000 15223909737299988.000000 8634079157413017.000000 10355246459760088.000000 7093352837530300.000000 
10594374955737508.000000 13160696936764618.000000 13740231831318984.000000 12004957143118960.000000 11629524626643922.000000 8795561653276376.000000 11177559817006688.000000 10183315252007280.000000 17135447846608712.000000 9929678788097610.000000 12892789169487042.000000 8124285602446038.000000 
9501264864337622.000000 11852679587083992.000000 12652677338209560.000000 9915867242467530.000000 11810977614228962.000000 7853566091850185.000000 10371188815469536.000000 11271324516179726.000000 16138193212816282.000000 10489059699049852.000000 11352064944994256.000000 8085783184898614.000000 
10356084059522254.000000 12307210007328370.000000 13290603473272360.000000 10543424504664116.000000 12506974499519462.000000 9045901666147716.000000 10220000272316546.000000 10624982992416400.000000 16618646242635086.000000 9921526552214662.000000 11328016337705354.000000 7985783585663636.000000 
6645723081753436.000000 8404099302638060.000000 7872440100920024.000000 6686398241608847.000000 5595500862209039.000000 4823838758641566.000000 7247221692323990.000000 7154430892443502.000000 10168393183081456.000000 5480493333141141.000000 8727494648786748.000000 4575589180706814.000000 
8929818899226488.000000 10114479243531148.000000 11651987217578318.000000 9612809184380886.000000 11170629290476050.000000 7985312546222330.000000 9682367097313504.000000 10979187743408356.000000 15058218735258158.000000 11199818677399836.000000 11580896471513912.000000 8404487552029963.000000 
5380382116171140.000000 7200636954772058.000000 7551024020967678.000000 7531186749391080.000000 7929542235109691.000000 6309071397081125.000000 6501721085583148.000000 7715030489487555.000000 10599566578661612.000000 7646170824317815.000000 7041148794975724.000000 5571732978922396.000000 
