Operations: 768 and MegaFlops/s:153.391689
12 8
1360502954384993.000000 1069670319249501.375000 738827651024270.875000 1768544637789888.250000 1639491555438163.000000 919227754549890.000000 960951707857276.625000 1052438323243498.125000 
638288828035167.750000 652827032606667.750000 468759487614168.000000 932268080458307.750000 844925229026407.250000 383138274609961.312500 499543394754404.125000 751571647598019.750000 
861530257097482.625000 649989495559615.000000 512968115188896.875000 1206581823081059.500000 1183988674045293.000000 597976551693603.000000 546888129470484.875000 726535758208963.625000 
1302839538443344.000000 999423706179548.250000 774613265064177.625000 1862159222134869.250000 1754228850138207.250000 992547876123133.375000 893060242238131.250000 1177535761856023.500000 
543733079599879.750000 431689834350550.812500 386828072783552.000000 817959892389276.750000 872661693856291.375000 317789925200314.812500 286254238239557.375000 523155904864294.750000 
506523146295350.062500 598402444277399.500000 425527325898593.000000 751658393387827.875000 688827135265559.375000 229056257925678.937500 406314782462354.937500 678100619680485.000000 
984991638735037.000000 671188094721367.500000 355401079167875.812500 954317707957529.250000 929612515048610.000000 482814061490996.375000 631094727977272.625000 274059073721808.375000 
980014303294273.000000 897543890868063.750000 609931324467970.750000 1313952897094319.750000 1186834571063419.750000 605216365544079.375000 745668896315606.500000 924581383017354.750000 
876036292286593.000000 650986416405248.250000 490422576723573.375000 1214257022208844.000000 1137712385410174.000000 667651298707868.625000 601642112014904.500000 730665763253400.000000 
1131314647737346.000000 848003581618948.500000 636412619003162.875000 1455078591768527.750000 1489924935247539.500000 639044119350322.750000 667012618201811.750000 780709296035469.000000 
941686158064900.375000 772754204420638.000000 619791108097489.125000 1352260805324028.500000 1350763723403213.000000 590952039834945.625000 588312812554801.750000 880446969288071.125000 
765843413608093.125000 659029856915286.375000 596166755538170.500000 1335831077882838.250000 1250717647982192.500000 691415909768014.875000 546252764261425.000000 1040600844820527.375000 
